2 0.526563 0.523611 0.125 0.177778 
2 0.0601562 0.504861 0.120312 0.0986111 
2 0.465625 0.501389 0.0609375 0.122222 
4 0.155469 0.468056 0.09375 0.075 
2 0.117578 0.486111 0.0695312 0.0666667 
2 0.417969 0.472222 0.0359375 0.0555556 
11 0.557422 0.345833 0.0179687 0.0472222 
2 0.45625 0.472917 0.0546875 0.0958333 
2 0.222266 0.418056 0.0195312 0.025 
11 0.55625 0.300694 0.015625 0.0375 
2 0.215234 0.465972 0.0460938 0.0458333 
2 0.398828 0.466667 0.0226563 0.0444444 
2 0.267188 0.416667 0.021875 0.0305556 
2 0.313672 0.40625 0.0210938 0.0291667 
